#7B4CFE
#451AF0
#FC7AD4
#E706A0
#57C8FF
#119AFF
#F7CB7D
#FE7805
#69EC82
#03B424
#03B424
#69EC82
#FAD51C
#FA4E0E
rgba(255,207,84,1)
rgba(255,158,27,1)
rgba(113,14,51,0.83)
rgba(217,43,23,0.95)
#00b712
#5aff15
rgba(114,210,39,1)
rgba(182,235,141,1)
rgba(122,35,52,1)
rgba(62,9,27,1)
rgba(157,75,199,1)
rgba(119,81,204,1)
rgba(139,10,130,1)
rgba(73,6,70,1)
rgba(139,10,130,1)
rgba(73,6,70,1)
rgba(255,85,85,1)
rgba(85,85,255,1)
rgba(254,3,104,1)
rgba(103,3,255,1)
rgba(221,49,49,1)
rgba(0,8,119,1)
#000000
#422419
#874da2
#c43a30
#000428
#004e92
#000428
rgba(107,52,255,1)
rgba(51,159,247,1)
#ad5389
#3c1053
rgba(90,92,106,1)
rgba(32,45,58,1)
rgba(14,11,56,1)
rgba(239,37,37,1)
rgba(57,31,105,1)
rgba(115,43,155,1)
rgba(231,75,184,1)
rgba(255,0,102,1)
rgba(80,5,35,1)
rgba(26,26,29,1)
rgba(111,34,50,1)
rgba(206,18,18,1)
rgba(122,21,21,1)
rgba(205,33,42,1)
rgba(236,95,5,1)
rgba(117,0,149,1)
rgba(88,0,112,0.76)
rgba(255,235,238,1)
rgba(186,190,245,1)
rgba(242,242,242,1)
rgba(241,241,241,1)
rgba(12,20,69,1)
rgba(71,30,84,1)
rgba(117,0,149,1)
rgba(88,0,112,0.76)
#1F1C18
#8E0E00
#1F1C18
#61045F
#AA076B
#61045F
#000000
#e74c3c
#000000
#021B79
#0575E6
rgba(21,13,107,1)
rgba(188,16,80,1)
rgba(113,14,51,0.83)
rgba(217,43,23,0.95)
#780206
#061161
rgba(255,200,124,1)
rgba(252,251,121,1)
#ff416c
#ff4b2b
rgba(255,85,85,1)
rgba(85,85,255,1)
rgba(14,11,56,1)
rgba(239,37,37,1)
rgba(161,255,206,1)
rgba(250,255,209,1)
#e9defa
#fbfcdb
#f3e7e9
#e3eeff
#e3eeff
rgba(253,199,141,1)
rgba(249,143,253,1)
#ff416c
#ff4b2b
rgba(142,5,254,1)
rgba(33,250,214,1)
rgba(14,11,56,1)
rgba(239,37,37,1)
rgba(151,10,130,1)
rgba(33,33,33,1)
rgba(254,3,104,1)
rgba(103,3,255,1)
rgba(0,32,95,1)
rgba(132,53,142,1)
#12c2e9
#c471ed
#f64f59
#12c2e9
#c471ed
#f64f59
rgba(69,86,102,1)
rgba(34,34,34,1)
rgba(239,249,249,1)
rgba(182,199,226,0.8)
#6a11cb
#2575fc
#00b09b
#96c93d
rgba(98,210,141,0.88)
rgba(234,245,45,0.79)
rgba(88,200,131,0.88)
rgba(224,235,35,0.79)
#1A2980
#26D0CE
rgba(21,13,107,1)
rgba(188,16,80,1)
rgba(80,5,35,1)
rgba(255,0,102,1)
rgba(80,5,35,1)
rgba(255,255,46,0.5)
rgba(185,255,22,0.6)
rgba(62,9,27,1)
rgba(122,35,52,1)
rgba(62,9,27,1)
rgba(128,248,174,1)
rgba(223,244,148,1)
rgba(255,200,124,1)
rgba(252,251,121,1)
#3bd1bf
#119bd2
#ff875e
#fc5ea7
#ee70ea
#8363f9
rgba(51,102,255,1)
rgba(51,204,255,1)
#3c1053
#ad5389
rgba(114,210,39,1)
rgba(182,235,141,1)
rgba(107,52,255,1)
rgba(51,159,247,1)
rgba(113,14,51,0.83)
rgba(217,43,23,0.95)
#8A2387
#E94057
#F27121
#ff00cc
#333399
#0f0c29
#302b63
#24243e
rgba(64,84,178,1)
rgba(219,2,234,1)
#0f0c29
#302b63
#302b63
#24243e
#200122
#6f0000
rgba(102,64,123,1)
rgba(252,41,119,1)
rgba(251,168,214,1)
rgba(253,193,104,1)
rgba(251,128,128,1)
rgba(74,98,110,1)
rgba(30,33,48,1)
rgba(151,10,130,1)
rgba(33,33,33,1)
rgba(254,3,104,1)
rgba(103,3,255,1)
rgba(221,49,49,1)
rgba(0,8,119,1)
rgba(189,73,255,0.99)
rgba(254,76,227,1)
rgba(122,35,52,1)
rgba(62,9,27,1)
rgba(121,45,129,1)
rgba(36,31,98,1)
rgba(121,45,129,1)
rgba(36,31,98,1)
#AA076B
#61045F
rgba(255,85,85,1)
rgba(85,85,255,1)
rgba(241,115,30,1)
rgba(231,29,54,1)
rgba(14,11,56,1)
rgba(239,37,37,1)